2.500000000000000052e-03 0.000000000000000000e+00
7.499999999999999722e-03 0.000000000000000000e+00
1.250000000000000069e-02 0.000000000000000000e+00
1.750000000000000167e-02 0.000000000000000000e+00
2.249999999999999917e-02 0.000000000000000000e+00
2.750000000000000014e-02 0.000000000000000000e+00
3.250000000000000111e-02 0.000000000000000000e+00
3.750000000000000555e-02 0.000000000000000000e+00
4.249999999999999611e-02 0.000000000000000000e+00
4.750000000000000056e-02 0.000000000000000000e+00
5.250000000000000500e-02 0.000000000000000000e+00
5.749999999999999556e-02 0.000000000000000000e+00
6.250000000000000000e-02 0.000000000000000000e+00
6.750000000000000444e-02 0.000000000000000000e+00
7.250000000000000888e-02 0.000000000000000000e+00
7.749999999999999944e-02 0.000000000000000000e+00
8.250000000000000389e-02 0.000000000000000000e+00
8.749999999999999445e-02 0.000000000000000000e+00
9.249999999999999889e-02 0.000000000000000000e+00
9.750000000000000333e-02 0.000000000000000000e+00
1.025000000000000078e-01 1.665843457925220931e-03
1.074999999999999983e-01 1.585783497514643703e-02
1.125000000000000028e-01 8.061506962938862209e-02
1.174999999999999933e-01 2.447464612395267025e-01
1.224999999999999978e-01 5.245225087497810135e-01
1.275000000000000022e-01 8.759216553844578756e-01
1.325000000000000067e-01 1.226749743546197147e+00
1.375000000000000111e-01 1.539052313201960898e+00
1.425000000000000155e-01 1.800915460922533073e+00
1.474999999999999922e-01 1.958179412903751082e+00
1.524999999999999967e-01 2.071541134629387493e+00
1.575000000000000011e-01 2.075682883498748410e+00
1.625000000000000056e-01 2.049197844332376839e+00
1.675000000000000100e-01 1.976768618150199108e+00
1.725000000000000144e-01 1.880451359192714778e+00
1.774999999999999911e-01 1.766466653875929937e+00
1.824999999999999956e-01 1.656537740454974594e+00
1.875000000000000000e-01 1.548577675499628770e+00
1.925000000000000044e-01 1.437699234322641351e+00
1.975000000000000089e-01 1.359943001591642497e+00
2.025000000000000133e-01 1.295300170384884098e+00
2.075000000000000178e-01 1.244416601426345137e+00
2.124999999999999944e-01 1.201277812582902449e+00
2.174999999999999989e-01 1.172280877044593161e+00
2.225000000000000033e-01 1.131211702535040775e+00
2.275000000000000078e-01 1.122701404341811315e+00
2.325000000000000122e-01 1.109373585994076983e+00
2.374999999999999889e-01 1.108136214067025005e+00
2.424999999999999933e-01 1.100435993065582929e+00
2.474999999999999978e-01 1.109676931176154513e+00
2.525000000000000022e-01 1.116361188837055707e+00
2.575000000000000067e-01 1.118464494376069762e+00
2.625000000000000111e-01 1.117985166014777043e+00
2.675000000000000155e-01 1.126645720570346620e+00
2.725000000000000200e-01 1.139803211303082264e+00
2.775000000000000244e-01 1.136447066154731456e+00
2.825000000000000289e-01 1.136263709786772269e+00
2.874999999999999778e-01 1.137062414412627120e+00
2.924999999999999822e-01 1.135770922394830018e+00
2.974999999999999867e-01 1.124697287073296970e+00
3.024999999999999911e-01 1.131575995225002851e+00
3.074999999999999956e-01 1.113164693264118821e+00
3.125000000000000000e-01 1.116821254224639404e+00
3.175000000000000044e-01 1.109268041632992752e+00
3.225000000000000089e-01 1.102108031508566288e+00
3.275000000000000133e-01 1.098964185430036933e+00
3.325000000000000178e-01 1.099337567321706510e+00
3.375000000000000222e-01 1.083260214481755357e+00
3.425000000000000266e-01 1.079197954450310082e+00
3.475000000000000311e-01 1.074049518062274888e+00
3.525000000000000355e-01 1.072668289379871798e+00
3.574999999999999845e-01 1.068977763637606104e+00
3.624999999999999889e-01 1.062910721626517008e+00
3.674999999999999933e-01 1.061144562116417944e+00
3.724999999999999978e-01 1.056759403110864026e+00
3.775000000000000022e-01 1.060000326972586393e+00
3.825000000000000067e-01 1.055997495444329193e+00
3.875000000000000111e-01 1.047711855893905586e+00
3.925000000000000155e-01 1.045478454389255463e+00
3.975000000000000200e-01 1.050187221240193702e+00
4.025000000000000244e-01 1.042099210626263206e+00
4.075000000000000289e-01 1.040879550398004616e+00
4.125000000000000333e-01 1.042135644375071113e+00
4.174999999999999822e-01 1.042992000740578629e+00
4.224999999999999867e-01 1.039985855322822061e+00
4.274999999999999911e-01 1.041567010186015940e+00
4.324999999999999956e-01 1.038872560211989926e+00
4.375000000000000000e-01 1.034328514044011271e+00
4.425000000000000044e-01 1.033362508394776835e+00
4.475000000000000089e-01 1.032937053784771297e+00
4.525000000000000133e-01 1.032071775561956173e+00
4.575000000000000178e-01 1.028621184442155334e+00
4.625000000000000222e-01 1.027243985221545364e+00
4.675000000000000266e-01 1.031560496566284568e+00
4.725000000000000311e-01 1.026360657676379295e+00
4.775000000000000355e-01 1.023255785720632804e+00
4.824999999999999845e-01 1.024225015718862153e+00
4.874999999999999889e-01 1.022595377086316981e+00
4.924999999999999933e-01 1.018897353908984060e+00
4.974999999999999978e-01 1.022932993722325490e+00
5.024999999999999467e-01 1.017350077935088581e+00
5.075000000000000622e-01 1.019303762461809759e+00
5.124999999999999556e-01 1.017565424167995447e+00
5.175000000000000711e-01 1.019056468023103124e+00
5.224999999999999645e-01 1.014895657049520006e+00
5.275000000000000799e-01 1.017636243513688088e+00
5.324999999999999734e-01 1.019975587119610783e+00
5.375000000000000888e-01 1.012542954073987866e+00
5.424999999999999822e-01 1.012116377299635328e+00
5.475000000000000977e-01 1.013041021863436253e+00
5.524999999999999911e-01 1.009651172616901071e+00
5.575000000000001066e-01 1.012623520372105013e+00
5.625000000000000000e-01 1.014377566508119388e+00
5.675000000000001155e-01 1.011657239718465551e+00
5.725000000000000089e-01 1.009897839877878178e+00
5.775000000000000133e-01 1.011505481920187854e+00
5.825000000000000178e-01 1.008308647469430941e+00
5.874999999999999112e-01 1.011768233935085748e+00
5.925000000000000266e-01 1.009485797328110834e+00
5.974999999999999201e-01 1.006503192766458943e+00
6.025000000000000355e-01 1.004461613574354706e+00
6.074999999999999289e-01 1.008226617973582373e+00
6.125000000000000444e-01 1.008241233684060267e+00
6.174999999999999378e-01 1.006157213925626515e+00
6.225000000000000533e-01 1.008896534783764620e+00
6.274999999999999467e-01 1.006677328777352054e+00
6.325000000000000622e-01 1.003789329883794768e+00
6.374999999999999556e-01 1.003142998094338045e+00
6.425000000000000711e-01 1.002317799429883971e+00
6.474999999999999645e-01 1.004281761969996412e+00
6.525000000000000799e-01 1.003463264027497637e+00
6.574999999999999734e-01 1.003163184335644775e+00
6.625000000000000888e-01 1.003276302510726081e+00
6.674999999999999822e-01 1.002182641719859602e+00
6.725000000000000977e-01 1.001955355233220546e+00
6.774999999999999911e-01 1.001917221789047518e+00
6.825000000000001066e-01 1.003023855996180380e+00
6.875000000000000000e-01 1.002896605556858889e+00
6.925000000000001155e-01 1.005023945478708880e+00
6.975000000000000089e-01 1.004225334846370776e+00
7.025000000000000133e-01 1.003003277600953203e+00
7.075000000000000178e-01 1.000575676375514478e+00
7.124999999999999112e-01 1.003106986621794317e+00
7.175000000000000266e-01 1.000606316702444598e+00
7.224999999999999201e-01 1.000159653828268658e+00
7.275000000000000355e-01 1.001124912380083609e+00
7.324999999999999289e-01 9.978350005153494573e-01
7.375000000000000444e-01 1.000357842021978305e+00
7.424999999999999378e-01 9.992203822073590924e-01
7.475000000000000533e-01 9.990907607530895573e-01
7.524999999999999467e-01 9.990963768862661798e-01
7.575000000000000622e-01 9.987025380249447970e-01
7.624999999999999556e-01 9.987962781068474571e-01
7.675000000000000711e-01 9.977137597267163871e-01
7.724999999999999645e-01 9.981733255491170853e-01
7.775000000000000799e-01 9.992625303346419630e-01
7.824999999999999734e-01 9.975147560236795607e-01
7.875000000000000888e-01 9.997123374776525351e-01
7.924999999999999822e-01 1.000188157858345583e+00
7.975000000000000977e-01 9.979425579191335549e-01
8.024999999999999911e-01 1.000200048024246557e+00
8.075000000000001066e-01 9.990911076030902782e-01
8.125000000000000000e-01 9.995059114763120700e-01
8.175000000000001155e-01 1.000650926160032705e+00
8.225000000000000089e-01 9.976744191112593141e-01
8.275000000000001243e-01 9.968138781949837934e-01
8.325000000000000178e-01 9.967206275611942834e-01
8.374999999999999112e-01 9.975421492441923776e-01
8.425000000000000266e-01 9.979185944793169671e-01
8.474999999999999201e-01 9.954914014237223885e-01
8.525000000000000355e-01 9.968835370780798621e-01
8.574999999999999289e-01 9.965203424095999685e-01
8.625000000000000444e-01 9.970605629515050250e-01
8.674999999999999378e-01 9.970049413697311680e-01
8.725000000000000533e-01 9.945328363920284964e-01
8.774999999999999467e-01 9.982183921223182210e-01
8.825000000000000622e-01 9.965461231111691909e-01
8.874999999999999556e-01 9.984628007940344885e-01
8.925000000000000711e-01 9.959758300598637870e-01
8.974999999999999645e-01 9.957256481829468431e-01
9.025000000000000799e-01 9.972529783107451085e-01
9.074999999999999734e-01 1.000684316184554890e+00
9.125000000000000888e-01 9.991812700810561720e-01
9.174999999999999822e-01 9.963976576904799431e-01
9.225000000000000977e-01 9.975915844971697810e-01
9.274999999999999911e-01 9.964647502619574659e-01
9.325000000000001066e-01 9.966451572125681890e-01
9.375000000000000000e-01 9.968739959527225247e-01
9.425000000000001155e-01 9.956543408525947436e-01
9.475000000000000089e-01 9.961367973087312810e-01
9.525000000000001243e-01 9.965758430734246165e-01
9.575000000000000178e-01 9.960854615766562281e-01
9.624999999999999112e-01 9.987470716436904761e-01
9.675000000000000266e-01 9.990080731765453859e-01
9.724999999999999201e-01 9.984825276903037672e-01
9.775000000000000355e-01 9.968237544866089817e-01
9.824999999999999289e-01 9.954093580444093314e-01
9.875000000000000444e-01 9.954085181929949178e-01
9.924999999999999378e-01 9.944717676804785134e-01
9.975000000000000533e-01 9.955755730964149786e-01
1.002499999999999947e+00 9.971222800081953608e-01
1.007500000000000062e+00 9.979958692203654280e-01
1.012500000000000178e+00 9.967002948809082774e-01
1.017500000000000071e+00 9.958851944449229610e-01
1.022499999999999964e+00 9.969904018785362698e-01
1.027499999999999858e+00 9.975519956967817681e-01
1.032499999999999973e+00 9.972079050917863619e-01
1.037500000000000089e+00 9.976707082669570292e-01
1.042499999999999982e+00 9.961014032319442935e-01
1.047499999999999876e+00 9.968842318509023581e-01
1.052499999999999991e+00 9.967251143550384107e-01
1.057500000000000107e+00 9.960953428443223290e-01
1.062500000000000000e+00 9.970285813293570110e-01
1.067499999999999893e+00 9.974497679421499008e-01
1.072500000000000009e+00 9.960902383330479948e-01
1.077500000000000124e+00 9.966827750750665293e-01
1.082500000000000018e+00 9.969819900945987579e-01
1.087499999999999911e+00 9.955993065428372368e-01
1.092500000000000027e+00 9.949170417451349557e-01
1.097500000000000142e+00 9.966995623757618494e-01
1.102500000000000036e+00 9.961690254566314406e-01
1.107499999999999929e+00 9.972486788095570320e-01
1.112500000000000044e+00 9.960805873500165886e-01
1.117500000000000160e+00 9.975180073747645926e-01
1.122500000000000053e+00 9.963234190525446232e-01
1.127499999999999947e+00 9.954339304630621665e-01
1.132500000000000062e+00 9.957030901226924247e-01
1.137500000000000178e+00 9.962617148769935538e-01
1.142500000000000071e+00 9.962462645607346179e-01
1.147499999999999964e+00 9.956739973479371564e-01
1.152500000000000080e+00 9.973781528054667112e-01
1.157499999999999973e+00 9.958270235654761438e-01
1.162500000000000089e+00 9.951990232866173569e-01
1.167499999999999982e+00 9.976047938729825093e-01
1.172499999999999876e+00 9.972676619262852427e-01
1.177499999999999991e+00 9.970205813570673925e-01
1.182500000000000107e+00 9.980881576883353645e-01
1.187500000000000000e+00 9.962619008158983824e-01
1.192499999999999893e+00 9.971921289628817853e-01
1.197500000000000009e+00 9.990120714683083936e-01
